1024 X 1024

Matrix A - 
2 2 2 2 2 2 2 2 2 2 2 2 2 2 2 2 2 2 2 2 2 2 2 2 2 2 2 2 2 2 2 2 2 2 2 2 2 2 2 2 2 2 2 2 2 2 2 2 2 2 2 2 2 2 2 2 2 2 2 2 2 2 2 2 2 2 2 2 2 2 2 2 2 2 2 2 2 2 2 2 2 2 2 2 2 2 2 2 2 2 2 2 2 2 2 2 2 2 2 2 2 2 2 2 2 2 2 2 2 2 2 2 2 2 2 2 2 2 2 2 2 2 2 2 2 2 2 2 2 2 2 2 2 2 2 2 2 2 2 2 2 2 2 2 2 2 2 2 2 2 2 2 2 2 2 2 2 2 2 2 2 2 2 2 2 2 2 2 2 2 2 2 2 2 2 2 2 2 2 2 2 2 2 2 2 2 2 2 2 2 2 2 2 2 2 2 2 2 2 2 2 2 2 2 2 2 2 2 2 2 2 2 2 2 2 2 2 2 2 2 2 2 2 2 2 2 2 2 2 2 2 2 2 2 2 2 2 2 2 2 2 2 2 2 2 2 2 2 2 2 2 2 2 2 2 2 ..Já foram 256
Matrix B - 
5 5 5 5 5 5 5 5 5 5 5 5 5 5 5 5 5 5 5 5 5 5 5 5 5 5 5 5 5 5 5 5 5 5 5 5 5 5 5 5 5 5 5 5 5 5 5 5 5 5 5 5 5 5 5 5 5 5 5 5 5 5 5 5 5 5 5 5 5 5 5 5 5 5 5 5 5 5 5 5 5 5 5 5 5 5 5 5 5 5 5 5 5 5 5 5 5 5 5 5 5 5 5 5 5 5 5 5 5 5 5 5 5 5 5 5 5 5 5 5 5 5 5 5 5 5 5 5 5 5 5 5 5 5 5 5 5 5 5 5 5 5 5 5 5 5 5 5 5 5 5 5 5 5 5 5 5 5 5 5 5 5 5 5 5 5 5 5 5 5 5 5 5 5 5 5 5 5 5 5 5 5 5 5 5 5 5 5 5 5 5 5 5 5 5 5 5 5 5 5 5 5 5 5 5 5 5 5 5 5 5 5 5 5 5 5 5 5 5 5 5 5 5 5 5 5 5 5 5 5 5 5 5 5 5 5 5 5 5 5 5 5 5 5 5 5 5 5 5 5 5 5 5 5 5 5 ..Já foram 256
Tempo função 1: 1.173000 ms
Matrix A (depois da função) -
10 10 10 10 10 10 10 10 10 10 10 10 10 10 10 10 10 10 10 10 10 10 10 10 10 10 10 10 10 10 10 10 10 10 10 10 10 10 10 10 10 10 10 10 10 10 10 10 10 10 10 10 10 10 10 10 10 10 10 10 10 10 10 10 10 10 10 10 10 10 10 10 10 10 10 10 10 10 10 10 10 10 10 10 10 10 10 10 10 10 10 10 10 10 10 10 10 10 10 10 10 10 10 10 10 10 10 10 10 10 10 10 10 10 10 10 10 10 10 10 10 10 10 10 10 10 10 10 10 10 10 10 10 10 10 10 10 10 10 10 10 10 10 10 10 10 10 10 10 10 10 10 10 10 10 10 10 10 10 10 10 10 10 10 10 10 10 10 10 10 10 10 10 10 10 10 10 10 10 10 10 10 10 10 10 10 10 10 10 10 10 10 10 10 10 10 10 10 10 10 10 10 10 10 10 10 10 10 10 10 10 10 10 10 10 10 10 10 10 10 10 10 10 10 10 10 10 10 10 10 10 10 10 10 10 10 10 10 10 10 10 10 10 10 10 10 10 10 10 10 10 10 10 10 10 10 ..Já foram 256
Tempo função 2: 717.919006 ms
Matriz C -
51200 51200 51200 51200 51200 51200 51200 51200 51200 51200 51200 51200 51200 51200 51200 51200 51200 51200 51200 51200 51200 51200 51200 51200 51200 51200 51200 51200 51200 51200 51200 51200 51200 51200 51200 51200 51200 51200 51200 51200 51200 51200 51200 51200 51200 51200 51200 51200 51200 51200 51200 51200 51200 51200 51200 51200 51200 51200 51200 51200 51200 51200 51200 51200 51200 51200 51200 51200 51200 51200 51200 51200 51200 51200 51200 51200 51200 51200 51200 51200 51200 51200 51200 51200 51200 51200 51200 51200 51200 51200 51200 51200 51200 51200 51200 51200 51200 51200 51200 51200 51200 51200 51200 51200 51200 51200 51200 51200 51200 51200 51200 51200 51200 51200 51200 51200 51200 51200 51200 51200 51200 51200 51200 51200 51200 51200 51200 51200 51200 51200 51200 51200 51200 51200 51200 51200 51200 51200 51200 51200 51200 51200 51200 51200 51200 51200 51200 51200 51200 51200 51200 51200 51200 51200 51200 51200 51200 51200 51200 51200 51200 51200 51200 51200 51200 51200 51200 51200 51200 51200 51200 51200 51200 51200 51200 51200 51200 51200 51200 51200 51200 51200 51200 51200 51200 51200 51200 51200 51200 51200 51200 51200 51200 51200 51200 51200 51200 51200 51200 51200 51200 51200 51200 51200 51200 51200 51200 51200 51200 51200 51200 51200 51200 51200 51200 51200 51200 51200 51200 51200 51200 51200 51200 51200 51200 51200 51200 51200 51200 51200 51200 51200 51200 51200 51200 51200 51200 51200 51200 51200 51200 51200 51200 51200 51200 51200 51200 51200 51200 51200 51200 51200 51200 51200 51200 51200 ..Já foram 256
Tempo total: 949.328979 ms

2048 X 2048

Matrix A - 
2 2 2 2 2 2 2 2 2 2 2 2 2 2 2 2 2 2 2 2 2 2 2 2 2 2 2 2 2 2 2 2 2 2 2 2 2 2 2 2 2 2 2 2 2 2 2 2 2 2 2 2 2 2 2 2 2 2 2 2 2 2 2 2 2 2 2 2 2 2 2 2 2 2 2 2 2 2 2 2 2 2 2 2 2 2 2 2 2 2 2 2 2 2 2 2 2 2 2 2 2 2 2 2 2 2 2 2 2 2 2 2 2 2 2 2 2 2 2 2 2 2 2 2 2 2 2 2 2 2 2 2 2 2 2 2 2 2 2 2 2 2 2 2 2 2 2 2 2 2 2 2 2 2 2 2 2 2 2 2 2 2 2 2 2 2 2 2 2 2 2 2 2 2 2 2 2 2 2 2 2 2 2 2 2 2 2 2 2 2 2 2 2 2 2 2 2 2 2 2 2 2 2 2 2 2 2 2 2 2 2 2 2 2 2 2 2 2 2 2 2 2 2 2 2 2 2 2 2 2 2 2 2 2 2 2 2 2 2 2 2 2 2 2 2 2 2 2 2 2 2 2 2 2 2 2 ..Já foram 256
Matrix B - 
5 5 5 5 5 5 5 5 5 5 5 5 5 5 5 5 5 5 5 5 5 5 5 5 5 5 5 5 5 5 5 5 5 5 5 5 5 5 5 5 5 5 5 5 5 5 5 5 5 5 5 5 5 5 5 5 5 5 5 5 5 5 5 5 5 5 5 5 5 5 5 5 5 5 5 5 5 5 5 5 5 5 5 5 5 5 5 5 5 5 5 5 5 5 5 5 5 5 5 5 5 5 5 5 5 5 5 5 5 5 5 5 5 5 5 5 5 5 5 5 5 5 5 5 5 5 5 5 5 5 5 5 5 5 5 5 5 5 5 5 5 5 5 5 5 5 5 5 5 5 5 5 5 5 5 5 5 5 5 5 5 5 5 5 5 5 5 5 5 5 5 5 5 5 5 5 5 5 5 5 5 5 5 5 5 5 5 5 5 5 5 5 5 5 5 5 5 5 5 5 5 5 5 5 5 5 5 5 5 5 5 5 5 5 5 5 5 5 5 5 5 5 5 5 5 5 5 5 5 5 5 5 5 5 5 5 5 5 5 5 5 5 5 5 5 5 5 5 5 5 5 5 5 5 5 5 ..Já foram 256
Tempo função 1: 11.868000 ms
Matrix A (depois da função) -
10 10 10 10 10 10 10 10 10 10 10 10 10 10 10 10 10 10 10 10 10 10 10 10 10 10 10 10 10 10 10 10 10 10 10 10 10 10 10 10 10 10 10 10 10 10 10 10 10 10 10 10 10 10 10 10 10 10 10 10 10 10 10 10 10 10 10 10 10 10 10 10 10 10 10 10 10 10 10 10 10 10 10 10 10 10 10 10 10 10 10 10 10 10 10 10 10 10 10 10 10 10 10 10 10 10 10 10 10 10 10 10 10 10 10 10 10 10 10 10 10 10 10 10 10 10 10 10 10 10 10 10 10 10 10 10 10 10 10 10 10 10 10 10 10 10 10 10 10 10 10 10 10 10 10 10 10 10 10 10 10 10 10 10 10 10 10 10 10 10 10 10 10 10 10 10 10 10 10 10 10 10 10 10 10 10 10 10 10 10 10 10 10 10 10 10 10 10 10 10 10 10 10 10 10 10 10 10 10 10 10 10 10 10 10 10 10 10 10 10 10 10 10 10 10 10 10 10 10 10 10 10 10 10 10 10 10 10 10 10 10 10 10 10 10 10 10 10 10 10 10 10 10 10 10 10 ..Já foram 256
Tempo função 2: 5832.352051 ms
Matriz C -
102400 102400 102400 102400 102400 102400 102400 102400 102400 102400 102400 102400 102400 102400 102400 102400 102400 102400 102400 102400 102400 102400 102400 102400 102400 102400 102400 102400 102400 102400 102400 102400 102400 102400 102400 102400 102400 102400 102400 102400 102400 102400 102400 102400 102400 102400 102400 102400 102400 102400 102400 102400 102400 102400 102400 102400 102400 102400 102400 102400 102400 102400 102400 102400 102400 102400 102400 102400 102400 102400 102400 102400 102400 102400 102400 102400 102400 102400 102400 102400 102400 102400 102400 102400 102400 102400 102400 102400 102400 102400 102400 102400 102400 102400 102400 102400 102400 102400 102400 102400 102400 102400 102400 102400 102400 102400 102400 102400 102400 102400 102400 102400 102400 102400 102400 102400 102400 102400 102400 102400 102400 102400 102400 102400 102400 102400 102400 102400 102400 102400 102400 102400 102400 102400 102400 102400 102400 102400 102400 102400 102400 102400 102400 102400 102400 102400 102400 102400 102400 102400 102400 102400 102400 102400 102400 102400 102400 102400 102400 102400 102400 102400 102400 102400 102400 102400 102400 102400 102400 102400 102400 102400 102400 102400 102400 102400 102400 102400 102400 102400 102400 102400 102400 102400 102400 102400 102400 102400 102400 102400 102400 102400 102400 102400 102400 102400 102400 102400 102400 102400 102400 102400 102400 102400 102400 102400 102400 102400 102400 102400 102400 102400 102400 102400 102400 102400 102400 102400 102400 102400 102400 102400 102400 102400 102400 102400 102400 102400 102400 102400 102400 102400 102400 102400 102400 102400 102400 102400 102400 102400 102400 102400 102400 102400 102400 102400 102400 102400 102400 102400 102400 102400 102400 102400 102400 102400 ..Já foram 256
Tempo total: 6692.375000 ms

Processador

Architecture:                    x86_64
CPU op-mode(s):                  32-bit, 64-bit
Byte Order:                      Little Endian
Address sizes:                   46 bits physical, 48 bits virtual
CPU(s):                          4
On-line CPU(s) list:             0-3
Thread(s) per core:              2
Core(s) per socket:              2
Socket(s):                       1
NUMA node(s):                    1
Vendor ID:                       GenuineIntel
CPU family:                      6
Model:                           85
Model name:                      Intel(R) Xeon(R) CPU @ 2.80GHz
Stepping:                        7
CPU MHz:                         2799.998
BogoMIPS:                        5599.99
Hypervisor vendor:               KVM
Virtualization type:             full
L1d cache:                       64 KiB
L1i cache:                       64 KiB
L2 cache:                        2 MiB
L3 cache:                        24.8 MiB
NUMA node0 CPU(s):               0-3
Vulnerability Itlb multihit:     Not affected
Vulnerability L1tf:              Not affected
Vulnerability Mds:               Mitigation; Clear CPU buffers; SMT Host state unknown
Vulnerability Meltdown:          Not affected
Vulnerability Mmio stale data:   Vulnerable: Clear CPU buffers attempted, no microcode; SMT Host state unknown
Vulnerability Spec store bypass: Mitigation; Speculative Store Bypass disabled via prctl and seccomp
Vulnerability Spectre v1:        Mitigation; usercopy/swapgs barriers and __user pointer sanitization
Vulnerability Spectre v2:        Mitigation; Enhanced IBRS, IBPB conditional, RSB filling
Vulnerability Srbds:             Not affected
Vulnerability Tsx async abort:   Mitigation; Clear CPU buffers; SMT Host state unknown
Flags:                           fpu vme de pse tsc msr pae mce cx8 apic sep mtrr pge mca cmov pat pse36 clflush mmx fxsr sse sse2 ss ht syscall nx pdpe1gb rdtscp lm constant_ts
                                 c rep_good nopl xtopology nonstop_tsc cpuid tsc_known_freq pni pclmulqdq ssse3 fma cx16 pcid sse4_1 sse4_2 x2apic movbe popcnt aes xsave avx f16
                                 c rdrand hypervisor lahf_lm abm 3dnowprefetch invpcid_single ssbd ibrs ibpb stibp ibrs_enhanced fsgsbase tsc_adjust bmi1 hle avx2 smep bmi2 erms
                                  invpcid rtm avx512f avx512dq rdseed adx smap clflushopt clwb avx512cd avx512bw avx512vl xsaveopt xsavec xgetbv1 xsaves arat avx512_vnni md_clea
                                 r arch_capabilities
